0

0 object_detector 132 132 202 192
 30 147 98
649 stop 93 29 145 101
650 stop 90 31 142 99
651 stop 89 31 142 99
652 stop 86 28 140 100
653 stop 84 28 138 100
654 stop 82 28 136 101
655 stop 80 30 134 102
656 stop 78 30 134 104
6 96 164
1585 stop 42 98 94 167
1586 stop 42 98 94 168
1587 stop 42 98 94 168
1588 stop 42 98 94 168
1589 stop 40 100 93 170
1590 stop 39 102 92 172
1591 stop 38 103 91 177
1592 stop 35 105 91 178
1593 stop 35 105 91 179
1594 stop 33 106 90 181
1595 stop 33 107 89 182
1596 stop 31 109 87 183
 203
202 object_detector 84 141 154 231
222 object_detector 42 146 126 250
223 object_detector 40 146 124 252
224 object_detector 38 145 122 255
447 stop 108 98 160 166
448 stop 108 98 160 166
449 stop 106 98 158 168
450 stop 105 98 158 168
451 stop 104 100 156 170
452 stop 101 99 157 172
453 stop 99 99 155 173
454 stop 97 100 153 170
455 stop 97 98 153 171
940 stop 510 149 562 218
